---------------------------------
250 values for each attribute
---------------------------------
China
--------------------------------------------------------------------------
--------------------------------------------------------------------------
Wanshouxigong
--------------------------------------------------------------------------
Correlation Matrix CFFs:
          PM10       SO2       NO2        CO        O3      TEMP      PRES
PM10  1.000000  0.523139  0.549941  0.555136  0.108548  0.368100 -0.624374
SO2   0.523139  1.000000  0.824054  0.728685 -0.066048  0.264643 -0.580165
NO2   0.549941  0.824054  1.000000  0.877613 -0.084196  0.246438 -0.619449
CO    0.555136  0.728685  0.877613  1.000000 -0.118613  0.153642 -0.592587
O3    0.108548 -0.066048 -0.084196 -0.118613  1.000000  0.249540 -0.313652
TEMP  0.368100  0.264643  0.246438  0.153642  0.249540  1.000000 -0.492181
PRES -0.624374 -0.580165 -0.619449 -0.592587 -0.313652 -0.492181  1.000000

Elapsed_time:  0.50 ms Used_memory: 41.98 MByte
--------------------------------------------------------------------------
Shunyi
--------------------------------------------------------------------------
Correlation Matrix CFFs:
          PM10       SO2       NO2        O3      TEMP      PRES
PM10  1.000000  0.715727  0.777281  0.149820  0.334185 -0.700429
SO2   0.715727  1.000000  0.733758  0.056970  0.492651 -0.617662
NO2   0.777281  0.733758  1.000000 -0.106277  0.275127 -0.634633
O3    0.149820  0.056970 -0.106277  1.000000  0.270390 -0.281800
TEMP  0.334185  0.492651  0.275127  0.270390  1.000000 -0.493654
PRES -0.700429 -0.617662 -0.634633 -0.281800 -0.493654  1.000000

Elapsed_time:  0.53 ms Used_memory: 41.90 MByte
--------------------------------------------------------------------------
Dingling
--------------------------------------------------------------------------
Correlation Matrix CFFs:
          PM10       SO2       NO2        O3      TEMP      PRES
PM10  1.000000  0.564856  0.685980  0.204299  0.428662 -0.627252
SO2   0.564856  1.000000  0.858066 -0.171305  0.307347 -0.490787
NO2   0.685980  0.858066  1.000000 -0.294302  0.161148 -0.429250
O3    0.204299 -0.171305 -0.294302  1.000000  0.346626 -0.295587
TEMP  0.428662  0.307347  0.161148  0.346626  1.000000 -0.549750
PRES -0.627252 -0.490787 -0.429250 -0.295587 -0.549750  1.000000

Elapsed_time:  0.52 ms Used_memory: 41.88 MByte
--------------------------------------------------------------------------
Spain
--------------------------------------------------------------------------
--------------------------------------------------------------------------
Madrid
--------------------------------------------------------------------------
Correlation Matrix CFFs:
            NO       NO2        O3      PM10       SO2
NO    1.000000  0.671799 -0.420505  0.789009  0.546120
NO2   0.671799  1.000000 -0.484479  0.555065  0.371355
O3   -0.420505 -0.484479  1.000000 -0.322673 -0.097840
PM10  0.789009  0.555065 -0.322673  1.000000  0.178741
SO2   0.546120  0.371355 -0.097840  0.178741  1.000000

Elapsed_time:  0.49 ms Used_memory: 41.84 MByte

--------------------------------------------------------------------------
India
--------------------------------------------------------------------------
--------------------------------------------------------------------------
Delhi
--------------------------------------------------------------------------
Correlation Matrix CFFs:
          PM2.5      PM10       NO2        CO       SO2        O3
PM2.5  1.000000  0.858758  0.646545  0.171003  0.369414  0.254319
PM10   0.858758  1.000000  0.713858  0.125653  0.462188  0.309422
NO2    0.646545  0.713858  1.000000  0.030439  0.619505  0.438748
CO     0.171003  0.125653  0.030439  1.000000 -0.159714 -0.026946
SO2    0.369414  0.462188  0.619505 -0.159714  1.000000  0.317758
O3     0.254319  0.309422  0.438748 -0.026946  0.317758  1.000000
Elapsed_time:  0.50 ms Used_memory: 43.32 MByte
